(0, 0, 0)	(5, 5, 5)	(0, 0, 0)	(0, 0, 0)	(0, 0, 0)	(7, 7, 7)	(3, 3, 3)	(0, 0, 0)	(0, 0, 0)	(0, 0, 0)	(0, 0, 0)	(0, 0, 0)	(0, 0, 0)	(0, 0, 0)	(0, 0, 0)	(0, 0, 0)	(0, 0, 0)	(6, 6, 6)	(5, 5, 5)	(0, 0, 0)	
(14, 14, 14)	(194, 194, 194)	(231, 231, 231)	(224, 224, 224)	(228, 228, 228)	(227, 227, 227)	(209, 209, 209)	(225, 225, 225)	(223, 223, 223)	(223, 223, 223)	(223, 223, 223)	(223, 223, 223)	(223, 223, 223)	(223, 223, 223)	(223, 223, 223)	(223, 223, 223)	(227, 227, 227)	(230, 230, 230)	(186, 186, 186)	(26, 26, 26)	
(0, 0, 0)	(226, 226, 226)	(233, 233, 233)	(202, 202, 202)	(221, 221, 221)	(218, 218, 218)	(209, 209, 209)	(222, 222, 222)	(217, 217, 217)	(217, 217, 217)	(217, 217, 217)	(217, 217, 217)	(217, 217, 217)	(217, 217, 217)	(217, 217, 217)	(217, 217, 217)	(208, 208, 208)	(222, 222, 222)	(221, 221, 221)	(2, 2, 2)	
(7, 7, 7)	(220, 220, 220)	(214, 214, 214)	(214, 214, 214)	(227, 227, 227)	(216, 216, 216)	(226, 226, 226)	(211, 211, 211)	(221, 221, 221)	(221, 221, 221)	(221, 221, 221)	(221, 221, 221)	(221, 221, 221)	(221, 221, 221)	(221, 221, 221)	(221, 221, 221)	(232, 232, 232)	(214, 214, 214)	(235, 235, 235)	(0, 0, 0)	
(0, 0, 0)	(210, 210, 210)	(217, 217, 217)	(231, 231, 231)	(226, 226, 226)	(203, 203, 203)	(233, 233, 233)	(221, 221, 221)	(223, 223, 223)	(223, 223, 223)	(223, 223, 223)	(223, 223, 223)	(223, 223, 223)	(223, 223, 223)	(223, 223, 223)	(223, 223, 223)	(230, 230, 230)	(197, 197, 197)	(226, 226, 226)	(0, 0, 0)	
(5, 5, 5)	(234, 234, 234)	(220, 220, 220)	(209, 209, 209)	(224, 224, 224)	(212, 212, 212)	(226, 226, 226)	(223, 223, 223)	(219, 219, 219)	(219, 219, 219)	(219, 219, 219)	(219, 219, 219)	(219, 219, 219)	(219, 219, 219)	(219, 219, 219)	(219, 219, 219)	(211, 211, 211)	(206, 206, 206)	(237, 237, 237)	(0, 0, 0)	
(0, 0, 0)	(216, 216, 216)	(212, 212, 212)	(204, 204, 204)	(237, 237, 237)	(232, 232, 232)	(218, 218, 218)	(212, 212, 212)	(220, 220, 220)	(220, 220, 220)	(220, 220, 220)	(220, 220, 220)	(220, 220, 220)	(220, 220, 220)	(220, 220, 220)	(220, 220, 220)	(226, 226, 226)	(228, 228, 228)	(229, 229, 229)	(0, 0, 0)	
(8, 8, 8)	(212, 212, 212)	(231, 231, 231)	(223, 223, 223)	(222, 222, 222)	(210, 210, 210)	(214, 214, 214)	(230, 230, 230)	(220, 220, 220)	(220, 220, 220)	(220, 220, 220)	(220, 220, 220)	(220, 220, 220)	(220, 220, 220)	(220, 220, 220)	(220, 220, 220)	(219, 219, 219)	(217, 217, 217)	(203, 203, 203)	(1, 1, 1)	
(0, 0, 0)	(229, 229, 229)	(209, 209, 209)	(221, 221, 221)	(218, 218, 218)	(225, 225, 225)	(212, 212, 212)	(0, 0, 0)	(5, 5, 5)	(4, 4, 4)	(219, 219, 219)	(202, 202, 202)	(225, 225, 225)	(227, 227, 227)	(219, 219, 219)	(216, 216, 216)	(220, 220, 220)	(230, 230, 230)	(214, 214, 214)	(1, 1, 1)	
(0, 0, 0)	(221, 221, 221)	(226, 226, 226)	(232, 232, 232)	(208, 208, 208)	(225, 225, 225)	(222, 222, 222)	(13, 13, 13)	(0, 0, 0)	(0, 0, 0)	(11, 11, 11)	(6, 6, 6)	(0, 0, 0)	(0, 0, 0)	(0, 0, 0)	(235, 235, 235)	(206, 206, 206)	(220, 220, 220)	(213, 213, 213)	(11, 11, 11)	
(0, 0, 0)	(227, 227, 227)	(215, 215, 215)	(218, 218, 218)	(225, 225, 225)	(210, 210, 210)	(235, 235, 235)	(206, 206, 206)	(235, 235, 235)	(220, 220, 220)	(1, 1, 1)	(0, 0, 0)	(9, 9, 9)	(0, 0, 0)	(9, 9, 9)	(0, 0, 0)	(12, 12, 12)	(207, 207, 207)	(229, 229, 229)	(0, 0, 0)	
(1, 1, 1)	(219, 219, 219)	(223, 223, 223)	(225, 225, 225)	(223, 223, 223)	(210, 210, 210)	(227, 227, 227)	(202, 202, 202)	(218, 218, 218)	(213, 213, 213)	(209, 209, 209)	(233, 233, 233)	(210, 210, 210)	(221, 221, 221)	(239, 239, 239)	(0, 0, 0)	(17, 17, 17)	(215, 215, 215)	(228, 228, 228)	(0, 0, 0)	
(2, 2, 2)	(220, 220, 220)	(205, 205, 205)	(210, 210, 210)	(233, 233, 233)	(209, 209, 209)	(223, 223, 223)	(237, 237, 237)	(221, 221, 221)	(213, 213, 213)	(6, 6, 6)	(0, 0, 0)	(0, 0, 0)	(1, 1, 1)	(0, 0, 0)	(0, 0, 0)	(0, 0, 0)	(218, 218, 218)	(230, 230, 230)	(0, 0, 0)	
(5, 5, 5)	(204, 204, 204)	(231, 231, 231)	(236, 236, 236)	(202, 202, 202)	(231, 231, 231)	(212, 212, 212)	(0, 0, 0)	(0, 0, 0)	(24, 24, 24)	(0, 0, 0)	(5, 5, 5)	(0, 0, 0)	(5, 5, 5)	(221, 221, 221)	(227, 227, 227)	(229, 229, 229)	(229, 229, 229)	(207, 207, 207)	(17, 17, 17)	
(0, 0, 0)	(220, 220, 220)	(217, 217, 217)	(223, 223, 223)	(210, 210, 210)	(229, 229, 229)	(216, 216, 216)	(2, 2, 2)	(7, 7, 7)	(206, 206, 206)	(220, 220, 220)	(246, 246, 246)	(210, 210, 210)	(242, 242, 242)	(202, 202, 202)	(218, 218, 218)	(217, 217, 217)	(226, 226, 226)	(210, 210, 210)	(9, 9, 9)	
(0, 0, 0)	(233, 233, 233)	(214, 214, 214)	(220, 220, 220)	(216, 216, 216)	(226, 226, 226)	(216, 216, 216)	(1, 1, 1)	(2, 2, 2)	(3, 3, 3)	(5, 5, 5)	(0, 0, 0)	(6, 6, 6)	(0, 0, 0)	(229, 229, 229)	(225, 225, 225)	(218, 218, 218)	(226, 226, 226)	(213, 213, 213)	(4, 4, 4)	
(7, 7, 7)	(211, 211, 211)	(221, 221, 221)	(218, 218, 218)	(224, 224, 224)	(227, 227, 227)	(199, 199, 199)	(222, 222, 222)	(218, 218, 218)	(220, 220, 220)	(0, 0, 0)	(8, 8, 8)	(9, 9, 9)	(0, 0, 0)	(0, 0, 0)	(1, 1, 1)	(0, 0, 0)	(228, 228, 228)	(205, 205, 205)	(15, 15, 15)	
(0, 0, 0)	(231, 231, 231)	(227, 227, 227)	(220, 220, 220)	(221, 221, 221)	(210, 210, 210)	(243, 243, 243)	(210, 210, 210)	(221, 221, 221)	(226, 226, 226)	(241, 241, 241)	(220, 220, 220)	(209, 209, 209)	(214, 214, 214)	(234, 234, 234)	(4, 4, 4)	(10, 10, 10)	(247, 247, 247)	(219, 219, 219)	(0, 0, 0)	
(4, 4, 4)	(214, 214, 214)	(218, 218, 218)	(212, 212, 212)	(205, 205, 205)	(226, 226, 226)	(217, 217, 217)	(217, 217, 217)	(209, 209, 209)	(217, 217, 217)	(0, 0, 0)	(0, 0, 0)	(2, 2, 2)	(5, 5, 5)	(0, 0, 0)	(0, 0, 0)	(4, 4, 4)	(193, 193, 193)	(212, 212, 212)	(7, 7, 7)	
(7, 7, 7)	(219, 219, 219)	(227, 227, 227)	(2, 2, 2)	(231, 231, 231)	(224, 224, 224)	(207, 207, 207)	(3, 3, 3)	(11, 11, 11)	(0, 0, 0)	(3, 3, 3)	(0, 0, 0)	(3, 3, 3)	(4, 4, 4)	(0, 0, 0)	(222, 222, 222)	(214, 214, 214)	(232, 232, 232)	(215, 215, 215)	(5, 5, 5)	
(0, 0, 0)	(220, 220, 220)	(215, 215, 215)	(226, 226, 226)	(208, 208, 208)	(211, 211, 211)	(227, 227, 227)	(7, 7, 7)	(1, 1, 1)	(4, 4, 4)	(229, 229, 229)	(225, 225, 225)	(214, 214, 214)	(226, 226, 226)	(221, 221, 221)	(213, 213, 213)	(231, 231, 231)	(213, 213, 213)	(221, 221, 221)	(9, 9, 9)	
(7, 7, 7)	(224, 224, 224)	(205, 205, 205)	(243, 243, 243)	(215, 215, 215)	(219, 219, 219)	(213, 213, 213)	(214, 214, 214)	(215, 215, 215)	(226, 226, 226)	(203, 203, 203)	(232, 232, 232)	(225, 225, 225)	(208, 208, 208)	(225, 225, 225)	(222, 222, 222)	(218, 218, 218)	(222, 222, 222)	(221, 221, 221)	(0, 0, 0)	
(0, 0, 0)	(226, 226, 226)	(228, 228, 228)	(0, 0, 0)	(14, 14, 14)	(219, 219, 219)	(227, 227, 227)	(218, 218, 218)	(221, 221, 221)	(211, 211, 211)	(230, 230, 230)	(230, 230, 230)	(195, 195, 195)	(10, 10, 10)	(6, 6, 6)	(213, 213, 213)	(205, 205, 205)	(226, 226, 226)	(233, 233, 233)	(0, 0, 0)	
(0, 0, 0)	(219, 219, 219)	(230, 230, 230)	(0, 0, 0)	(14, 14, 14)	(210, 210, 210)	(218, 218, 218)	(224, 224, 224)	(220, 220, 220)	(231, 231, 231)	(213, 213, 213)	(220, 220, 220)	(228, 228, 228)	(0, 0, 0)	(0, 0, 0)	(226, 226, 226)	(231, 231, 231)	(209, 209, 209)	(218, 218, 218)	(1, 1, 1)	
(0, 0, 0)	(226, 226, 226)	(5, 5, 5)	(2, 2, 2)	(0, 0, 0)	(217, 217, 217)	(228, 228, 228)	(220, 220, 220)	(222, 222, 222)	(206, 206, 206)	(219, 219, 219)	(216, 216, 216)	(229, 229, 229)	(0, 0, 0)	(16, 16, 16)	(215, 215, 215)	(221, 221, 221)	(218, 218, 218)	(219, 219, 219)	(0, 0, 0)	
(5, 5, 5)	(219, 219, 219)	(0, 0, 0)	(1, 1, 1)	(5, 5, 5)	(5, 5, 5)	(1, 1, 1)	(0, 0, 0)	(6, 6, 6)	(7, 7, 7)	(9, 9, 9)	(0, 0, 0)	(13, 13, 13)	(6, 6, 6)	(0, 0, 0)	(210, 210, 210)	(221, 221, 221)	(218, 218, 218)	(219, 219, 219)	(0, 0, 0)	
(5, 5, 5)	(223, 223, 223)	(0, 0, 0)	(0, 0, 0)	(10, 10, 10)	(4, 4, 4)	(0, 0, 0)	(3, 3, 3)	(1, 1, 1)	(0, 0, 0)	(0, 0, 0)	(0, 0, 0)	(0, 0, 0)	(5, 5, 5)	(0, 0, 0)	(233, 233, 233)	(221, 221, 221)	(218, 218, 218)	(219, 219, 219)	(0, 0, 0)	
(0, 0, 0)	(221, 221, 221)	(244, 244, 244)	(211, 211, 211)	(215, 215, 215)	(213, 213, 213)	(226, 226, 226)	(220, 220, 220)	(215, 215, 215)	(214, 214, 214)	(220, 220, 220)	(233, 233, 233)	(216, 216, 216)	(6, 6, 6)	(0, 0, 0)	(228, 228, 228)	(221, 221, 221)	(218, 218, 218)	(219, 219, 219)	(0, 0, 0)	
(4, 4, 4)	(201, 201, 201)	(221, 221, 221)	(0, 0, 0)	(226, 226, 226)	(218, 218, 218)	(230, 230, 230)	(208, 208, 208)	(222, 222, 222)	(232, 232, 232)	(215, 215, 215)	(214, 214, 214)	(235, 235, 235)	(0, 0, 0)	(13, 13, 13)	(206, 206, 206)	(221, 221, 221)	(218, 218, 218)	(219, 219, 219)	(0, 0, 0)	
(7, 7, 7)	(226, 226, 226)	(223, 223, 223)	(223, 223, 223)	(203, 203, 203)	(230, 230, 230)	(202, 202, 202)	(230, 230, 230)	(212, 212, 212)	(214, 214, 214)	(214, 214, 214)	(231, 231, 231)	(206, 206, 206)	(6, 6, 6)	(8, 8, 8)	(215, 215, 215)	(221, 221, 221)	(218, 218, 218)	(219, 219, 219)	(0, 0, 0)	
(0, 0, 0)	(214, 214, 214)	(224, 224, 224)	(225, 225, 225)	(227, 227, 227)	(217, 217, 217)	(234, 234, 234)	(219, 219, 219)	(215, 215, 215)	(235, 235, 235)	(221, 221, 221)	(199, 199, 199)	(220, 220, 220)	(226, 226, 226)	(203, 203, 203)	(232, 232, 232)	(221, 221, 221)	(218, 218, 218)	(219, 219, 219)	(0, 0, 0)	
(3, 3, 3)	(219, 219, 219)	(229, 229, 229)	(211, 211, 211)	(228, 228, 228)	(215, 215, 215)	(221, 221, 221)	(217, 217, 217)	(224, 224, 224)	(210, 210, 210)	(217, 217, 217)	(225, 225, 225)	(234, 234, 234)	(209, 209, 209)	(223, 223, 223)	(215, 215, 215)	(221, 221, 221)	(218, 218, 218)	(219, 219, 219)	(0, 0, 0)	
(5, 5, 5)	(214, 214, 214)	(220, 220, 220)	(229, 229, 229)	(214, 214, 214)	(223, 223, 223)	(209, 209, 209)	(228, 228, 228)	(214, 214, 214)	(17, 17, 17)	(200, 200, 200)	(211, 211, 211)	(232, 232, 232)	(223, 223, 223)	(212, 212, 212)	(230, 230, 230)	(221, 221, 221)	(213, 213, 213)	(221, 221, 221)	(3, 3, 3)	
(0, 0, 0)	(207, 207, 207)	(232, 232, 232)	(204, 204, 204)	(223, 223, 223)	(237, 237, 237)	(214, 214, 214)	(219, 219, 219)	(223, 223, 223)	(210, 210, 210)	(229, 229, 229)	(242, 242, 242)	(209, 209, 209)	(212, 212, 212)	(219, 219, 219)	(213, 213, 213)	(231, 231, 231)	(203, 203, 203)	(230, 230, 230)	(2, 2, 2)	
(2, 2, 2)	(226, 226, 226)	(214, 214, 214)	(236, 236, 236)	(218, 218, 218)	(0, 0, 0)	(234, 234, 234)	(208, 208, 208)	(212, 212, 212)	(214, 214, 214)	(232, 232, 232)	(208, 208, 208)	(213, 213, 213)	(245, 245, 245)	(212, 212, 212)	(224, 224, 224)	(210, 210, 210)	(230, 230, 230)	(220, 220, 220)	(0, 0, 0)	
(0, 0, 0)	(228, 228, 228)	(217, 217, 217)	(218, 218, 218)	(209, 209, 209)	(226, 226, 226)	(224, 224, 224)	(222, 222, 222)	(231, 231, 231)	(218, 218, 218)	(208, 208, 208)	(211, 211, 211)	(228, 228, 228)	(201, 201, 201)	(243, 243, 243)	(214, 214, 214)	(212, 212, 212)	(240, 240, 240)	(213, 213, 213)	(8, 8, 8)	
(9, 9, 9)	(214, 214, 214)	(6, 6, 6)	(200, 200, 200)	(227, 227, 227)	(228, 228, 228)	(216, 216, 216)	(6, 6, 6)	(1, 1, 1)	(11, 11, 11)	(0, 0, 0)	(238, 238, 238)	(230, 230, 230)	(210, 210, 210)	(211, 211, 211)	(228, 228, 228)	(233, 233, 233)	(197, 197, 197)	(219, 219, 219)	(4, 4, 4)	
(0, 0, 0)	(222, 222, 222)	(206, 206, 206)	(246, 246, 246)	(221, 221, 221)	(208, 208, 208)	(0, 0, 0)	(0, 0, 0)	(0, 0, 0)	(0, 0, 0)	(15, 15, 15)	(0, 0, 0)	(222, 222, 222)	(214, 214, 214)	(225, 225, 225)	(0, 0, 0)	(0, 0, 0)	(229, 229, 229)	(235, 235, 235)	(0, 0, 0)	
(0, 0, 0)	(231, 231, 231)	(218, 218, 218)	(199, 199, 199)	(229, 229, 229)	(0, 0, 0)	(5, 5, 5)	(0, 0, 0)	(220, 220, 220)	(220, 220, 220)	(0, 0, 0)	(9, 9, 9)	(8, 8, 8)	(215, 215, 215)	(230, 230, 230)	(217, 217, 217)	(6, 6, 6)	(0, 0, 0)	(221, 221, 221)	(0, 0, 0)	
(5, 5, 5)	(213, 213, 213)	(225, 225, 225)	(225, 225, 225)	(218, 218, 218)	(0, 0, 0)	(2, 2, 2)	(220, 220, 220)	(218, 218, 218)	(222, 222, 222)	(224, 224, 224)	(3, 3, 3)	(0, 0, 0)	(234, 234, 234)	(215, 215, 215)	(221, 221, 221)	(0, 0, 0)	(0, 0, 0)	(225, 225, 225)	(0, 0, 0)	
(0, 0, 0)	(225, 225, 225)	(223, 223, 223)	(212, 212, 212)	(204, 204, 204)	(12, 12, 12)	(1, 1, 1)	(220, 220, 220)	(215, 215, 215)	(224, 224, 224)	(201, 201, 201)	(18, 18, 18)	(0, 0, 0)	(218, 218, 218)	(221, 221, 221)	(223, 223, 223)	(0, 0, 0)	(0, 0, 0)	(225, 225, 225)	(0, 0, 0)	
(9, 9, 9)	(223, 223, 223)	(213, 213, 213)	(241, 241, 241)	(241, 241, 241)	(0, 0, 0)	(2, 2, 2)	(219, 219, 219)	(223, 223, 223)	(218, 218, 218)	(238, 238, 238)	(0, 0, 0)	(0, 0, 0)	(211, 211, 211)	(235, 235, 235)	(211, 211, 211)	(6, 6, 6)	(0, 0, 0)	(221, 221, 221)	(0, 0, 0)	
(0, 0, 0)	(216, 216, 216)	(222, 222, 222)	(207, 207, 207)	(220, 220, 220)	(238, 238, 238)	(0, 0, 0)	(8, 8, 8)	(224, 224, 224)	(211, 211, 211)	(0, 0, 0)	(2, 2, 2)	(232, 232, 232)	(226, 226, 226)	(0, 0, 0)	(1, 1, 1)	(0, 0, 0)	(229, 229, 229)	(235, 235, 235)	(0, 0, 0)	
(6, 6, 6)	(211, 211, 211)	(234, 234, 234)	(218, 218, 218)	(213, 213, 213)	(223, 223, 223)	(13, 13, 13)	(0, 0, 0)	(0, 0, 0)	(5, 5, 5)	(4, 4, 4)	(0, 0, 0)	(19, 19, 19)	(0, 0, 0)	(0, 0, 0)	(0, 0, 0)	(233, 233, 233)	(197, 197, 197)	(219, 219, 219)	(4, 4, 4)	
(0, 0, 0)	(216, 216, 216)	(217, 217, 217)	(234, 234, 234)	(208, 208, 208)	(227, 227, 227)	(203, 203, 203)	(229, 229, 229)	(0, 0, 0)	(0, 0, 0)	(14, 14, 14)	(12, 12, 12)	(0, 0, 0)	(0, 0, 0)	(222, 222, 222)	(223, 223, 223)	(212, 212, 212)	(240, 240, 240)	(213, 213, 213)	(8, 8, 8)	
(2, 2, 2)	(232, 232, 232)	(200, 200, 200)	(236, 236, 236)	(216, 216, 216)	(224, 224, 224)	(228, 228, 228)	(216, 216, 216)	(219, 219, 219)	(212, 212, 212)	(233, 233, 233)	(202, 202, 202)	(227, 227, 227)	(246, 246, 246)	(195, 195, 195)	(223, 223, 223)	(210, 210, 210)	(230, 230, 230)	(220, 220, 220)	(0, 0, 0)	
(0, 0, 0)	(219, 219, 219)	(229, 229, 229)	(222, 222, 222)	(225, 225, 225)	(0, 0, 0)	(17, 17, 17)	(0, 0, 0)	(6, 6, 6)	(8, 8, 8)	(0, 0, 0)	(2, 2, 2)	(229, 229, 229)	(214, 214, 214)	(228, 228, 228)	(232, 232, 232)	(231, 231, 231)	(203, 203, 203)	(230, 230, 230)	(2, 2, 2)	
(5, 5, 5)	(223, 223, 223)	(222, 222, 222)	(0, 0, 0)	(17, 17, 17)	(1, 1, 1)	(0, 0, 0)	(2, 2, 2)	(4, 4, 4)	(0, 0, 0)	(0, 0, 0)	(8, 8, 8)	(0, 0, 0)	(6, 6, 6)	(210, 210, 210)	(214, 214, 214)	(221, 221, 221)	(213, 213, 213)	(221, 221, 221)	(3, 3, 3)	
(0, 0, 0)	(203, 203, 203)	(237, 237, 237)	(0, 0, 0)	(5, 5, 5)	(221, 221, 221)	(203, 203, 203)	(227, 227, 227)	(219, 219, 219)	(218, 218, 218)	(231, 231, 231)	(189, 189, 189)	(14, 14, 14)	(0, 0, 0)	(234, 234, 234)	(211, 211, 211)	(221, 221, 221)	(218, 218, 218)	(219, 219, 219)	(0, 0, 0)	
(6, 6, 6)	(228, 228, 228)	(0, 0, 0)	(11, 11, 11)	(206, 206, 206)	(233, 233, 233)	(239, 239, 239)	(207, 207, 207)	(211, 211, 211)	(226, 226, 226)	(213, 213, 213)	(241, 241, 241)	(222, 222, 222)	(0, 0, 0)	(2, 2, 2)	(223, 223, 223)	(221, 221, 221)	(218, 218, 218)	(219, 219, 219)	(0, 0, 0)	
(0, 0, 0)	(221, 221, 221)	(0, 0, 0)	(12, 12, 12)	(214, 214, 214)	(219, 219, 219)	(223, 223, 223)	(231, 231, 231)	(221, 221, 221)	(209, 209, 209)	(227, 227, 227)	(197, 197, 197)	(232, 232, 232)	(1, 1, 1)	(0, 0, 0)	(222, 222, 222)	(221, 221, 221)	(218, 218, 218)	(219, 219, 219)	(0, 0, 0)	
(15, 15, 15)	(214, 214, 214)	(4, 4, 4)	(0, 0, 0)	(9, 9, 9)	(215, 215, 215)	(207, 207, 207)	(221, 221, 221)	(227, 227, 227)	(224, 224, 224)	(220, 220, 220)	(222, 222, 222)	(217, 217, 217)	(9, 9, 9)	(9, 9, 9)	(215, 215, 215)	(221, 221, 221)	(218, 218, 218)	(219, 219, 219)	(0, 0, 0)	
(0, 0, 0)	(213, 213, 213)	(216, 216, 216)	(4, 4, 4)	(6, 6, 6)	(215, 215, 215)	(239, 239, 239)	(203, 203, 203)	(215, 215, 215)	(214, 214, 214)	(218, 218, 218)	(214, 214, 214)	(3, 3, 3)	(0, 0, 0)	(207, 207, 207)	(230, 230, 230)	(221, 221, 221)	(218, 218, 218)	(219, 219, 219)	(0, 0, 0)	
(1, 1, 1)	(211, 211, 211)	(225, 225, 225)	(12, 12, 12)	(0, 0, 0)	(16, 16, 16)	(0, 0, 0)	(7, 7, 7)	(0, 0, 0)	(11, 11, 11)	(0, 0, 0)	(0, 0, 0)	(4, 4, 4)	(5, 5, 5)	(227, 227, 227)	(214, 214, 214)	(221, 221, 221)	(218, 218, 218)	(219, 219, 219)	(0, 0, 0)	
(7, 7, 7)	(221, 221, 221)	(222, 222, 222)	(198, 198, 198)	(231, 231, 231)	(0, 0, 0)	(0, 0, 0)	(3, 3, 3)	(9, 9, 9)	(13, 13, 13)	(0, 0, 0)	(12, 12, 12)	(238, 238, 238)	(190, 190, 190)	(234, 234, 234)	(215, 215, 215)	(221, 221, 221)	(218, 218, 218)	(219, 219, 219)	(0, 0, 0)	
(0, 0, 0)	(225, 225, 225)	(230, 230, 230)	(214, 214, 214)	(227, 227, 227)	(224, 224, 224)	(223, 223, 223)	(217, 217, 217)	(219, 219, 219)	(213, 213, 213)	(221, 221, 221)	(218, 218, 218)	(202, 202, 202)	(228, 228, 228)	(223, 223, 223)	(221, 221, 221)	(221, 221, 221)	(218, 218, 218)	(219, 219, 219)	(0, 0, 0)	
(0, 0, 0)	(229, 229, 229)	(204, 204, 204)	(237, 237, 237)	(217, 217, 217)	(213, 213, 213)	(229, 229, 229)	(214, 214, 214)	(208, 208, 208)	(225, 225, 225)	(229, 229, 229)	(216, 216, 216)	(0, 0, 0)	(221, 221, 221)	(220, 220, 220)	(218, 218, 218)	(232, 232, 232)	(207, 207, 207)	(240, 240, 240)	(0, 0, 0)	
(4, 4, 4)	(241, 241, 241)	(212, 212, 212)	(214, 214, 214)	(210, 210, 210)	(217, 217, 217)	(216, 216, 216)	(219, 219, 219)	(233, 233, 233)	(224, 224, 224)	(205, 205, 205)	(12, 12, 12)	(227, 227, 227)	(209, 209, 209)	(219, 219, 219)	(231, 231, 231)	(204, 204, 204)	(209, 209, 209)	(231, 231, 231)	(2, 2, 2)	
(7, 7, 7)	(197, 197, 197)	(215, 215, 215)	(231, 231, 231)	(223, 223, 223)	(226, 226, 226)	(212, 212, 212)	(224, 224, 224)	(205, 205, 205)	(211, 211, 211)	(226, 226, 226)	(215, 215, 215)	(215, 215, 215)	(230, 230, 230)	(218, 218, 218)	(214, 214, 214)	(232, 232, 232)	(225, 225, 225)	(196, 196, 196)	(21, 21, 21)	
(0, 0, 0)	(12, 12, 12)	(0, 0, 0)	(7, 7, 7)	(0, 0, 0)	(6, 6, 6)	(3, 3, 3)	(5, 5, 5)	(11, 11, 11)	(6, 6, 6)	(0, 0, 0)	(0, 0, 0)	(11, 11, 11)	(0, 0, 0)	(0, 0, 0)	(0, 0, 0)	(0, 0, 0)	(2, 2, 2)	(7, 7, 7)	(0, 0, 0)	
